Nominal: {'j2': 0.097861419444218847, 'j0': 0.53789023765642274, 'j1': 0.25192573335836449, 'tot': 0.93721608303623927}
Process effects:
DY:	0.535158885036	0.249635499419	0.101828774287	0.932399472475	
WW:	0.537676834883	0.25134773826	0.0980897458412	0.936175669039	
Top:	0.53509680884	0.248617617668	0.0938940646019	0.93124348594	
ZZ:	0.537890237656	0.251925733358	0.0978614194442	0.937216083036	
WZ:	0.538324771028	0.252689144672	0.0978614194442	0.938083072937	
WJ:	0.537890237656	0.251925733358	0.0978614194442	0.937216083036	
WG:	0.537890237656	0.251925733358	0.0978614194442	0.937216083036	
Higgs:	0.537890237656	0.251925733358	0.0978614194442	0.937216083036	
UNC: 0.00779139179783	UNC(%): 0.831333556781