Nominal: {'j2': 0.17774479051527692, 'j0': 0.99081225241611914, 'j1': 0.46401170397965946, 'tot': 1.7237618358774525}
Process effects:
DY:	0.985572939683	0.45897266285	0.183478493435	1.71424413249	
WW:	0.990526690573	0.462717520947	0.177386660384	1.72222861187	
Top:	0.985281866753	0.457712902568	0.168188618982	1.71212908729	
ZZ:	0.990715228106	0.46401170398	0.177744790515	1.72345968656	
WZ:	0.991491422585	0.465271464262	0.177744790515	1.72512150779	
WJ:	0.990812252416	0.46401170398	0.177744790515	1.72376183588	
WG:	0.990812252416	0.46401170398	0.177744790515	1.72376183588	
Higgs:	0.990812252416	0.46401170398	0.177744790515	1.72376183588	
UNC: 0.0151722870796	UNC(%): 0.880184649861