Nominal: {'j2': 0.078397406719700247, 'j0': 0.46259080067940711, 'j1': 0.23505296739961479, 'tot': 0.80767865876809275}
Process effects:
DY:	0.459600556331	0.228921150859	0.0783974067197	0.801432482347	
WW:	0.462901949972	0.233389076713	0.0769430816262	0.808135517212	
Top:	0.459002507461	0.230965089706	0.0701450481176	0.800471532128	
ZZ:	0.462291776245	0.2350529674	0.0783974067197	0.806717708549	
WZ:	0.462590800679	0.2350529674	0.0783974067197	0.807678658768	
WJ:	0.462590800679	0.2350529674	0.0783974067197	0.807678658768	
WG:	0.462590800679	0.2350529674	0.0783974067197	0.807678658768	
Higgs:	0.462590800679	0.2350529674	0.0783974067197	0.807678658768	
UNC: 0.0095963294674	UNC(%): 1.18813705961